42.340 3.448 25761.013 97.647 5337.979
42.085 2.946 25067.631 86.395 8574.844
39.320 1.985 23784.363 73.170 4425.156
42.478 3.160 25942.683 103.494 7157.628
40.910 2.681 25465.844 99.930 7380.166
40.331 3.432 25227.148 108.377 7848.419
40.780 2.994 24732.962 100.528 5151.581
40.149 2.528 23537.898 87.617 6540.745
43.183 4.055 25474.808 111.779 6294.832
43.443 3.276 26041.003 97.611 7263.913
40.642 2.749 25056.047 87.234 6705.168
42.971 3.745 25748.586 121.464 8103.732
44.458 4.337 27186.722 124.536 5941.357
41.156 3.541 24498.343 116.286 6377.480
42.627 2.758 26423.287 80.640 5842.372
39.937 2.574 24007.661 91.910 5619.834
39.677 2.544 23533.306 87.959 7662.021
41.964 3.481 25057.676 114.055 6965.114
41.731 3.525 25483.347 116.088 6875.687
43.800 4.161 26439.864 127.488 5736.087
41.273 2.928 24947.356 95.807 7510.523
38.662 2.361 23921.601 80.229 7058.643
42.210 3.434 25647.528 104.459 6459.255
42.789 3.333 25983.599 109.934 6789.319
41.847 2.663 25760.056 78.933 6622.520
41.503 3.060 24974.400 103.730 4896.268
41.617 3.604 25444.916 116.609 6124.313
41.035 2.789 25043.650 100.756 5489.477
41.389 3.079 24937.501 91.524 6034.886
40.493 2.468 24569.197 82.310 6210.681
